1000: [1 2 11], [25 78 29], RMSE: 0.017996, +Sigma: 0.018590, -Sigma: 0.017403
1020: [1 2 11], [26 77 30], RMSE: 0.017810, +Sigma: 0.018407, -Sigma: 0.017213
1040: [1 2 11], [25 77 31], RMSE: 0.017494, +Sigma: 0.018088, -Sigma: 0.016900
1060: [1 2 11], [25 82 31], RMSE: 0.017494, +Sigma: 0.018088, -Sigma: 0.016900
1080: [1 2 11], [26 81 32], RMSE: 0.017202, +Sigma: 0.017776, -Sigma: 0.016629
1100: [1 2 11], [27 80 33], RMSE: 0.017027, +Sigma: 0.017592, -Sigma: 0.016463
1120: [1 2 11], [26 80 34], RMSE: 0.017109, +Sigma: 0.017678, -Sigma: 0.016541
1140: [1 2 11], [27 79 35], RMSE: 0.016858, +Sigma: 0.017423, -Sigma: 0.016293
1160: [1 2 11], [26 79 36], RMSE: 0.016578, +Sigma: 0.017130, -Sigma: 0.016025
1180: [1 2 11], [26 84 36], RMSE: 0.016578, +Sigma: 0.017130, -Sigma: 0.016025
1200: [1 2 11], [27 83 37], RMSE: 0.016403, +Sigma: 0.016922, -Sigma: 0.015884
1220: [1 2 11], [26 83 38], RMSE: 0.016181, +Sigma: 0.016696, -Sigma: 0.015667
1240: [1 2 11], [27 82 39], RMSE: 0.016220, +Sigma: 0.016738, -Sigma: 0.015703
1260: [1 2 11], [26 82 40], RMSE: 0.016151, +Sigma: 0.016663, -Sigma: 0.015639
1280: [1 2 11], [27 81 41], RMSE: 0.015926, +Sigma: 0.016445, -Sigma: 0.015408
1300: [1 2 11], [26 81 42], RMSE: 0.015720, +Sigma: 0.016230, -Sigma: 0.015209
1320: [1 2 11], [28 85 42], RMSE: 0.015720, +Sigma: 0.016230, -Sigma: 0.015209
1340: [1 2 11], [27 85 43], RMSE: 0.015512, +Sigma: 0.016001, -Sigma: 0.015023
1360: [1 2 11], [28 84 44], RMSE: 0.015388, +Sigma: 0.015880, -Sigma: 0.014895
1380: [1 2 11], [27 84 45], RMSE: 0.015206, +Sigma: 0.015700, -Sigma: 0.014712
1400: [1 2 11], [28 83 46], RMSE: 0.014985, +Sigma: 0.015473, -Sigma: 0.014496
1420: [1 2 11], [27 83 47], RMSE: 0.014794, +Sigma: 0.015289, -Sigma: 0.014299
1440: [1 2 11], [27 88 47], RMSE: 0.014794, +Sigma: 0.015289, -Sigma: 0.014299
1460: [1 2 11], [28 87 48], RMSE: 0.014694, +Sigma: 0.015182, -Sigma: 0.014205
1480: [1 2 11], [27 87 49], RMSE: 0.014325, +Sigma: 0.014796, -Sigma: 0.013854
1500: [1 2 11], [28 86 50], RMSE: 0.014066, +Sigma: 0.014533, -Sigma: 0.013598
1520: [1 2 11], [27 86 51], RMSE: 0.013837, +Sigma: 0.014302, -Sigma: 0.013371
1540: [1 2 11 51], [18 89 29 5], RMSE: 0.012846, +Sigma: 0.013546, -Sigma: 0.012145
1560: [1 2 11 51], [19 88 30 5], RMSE: 0.012552, +Sigma: 0.013179, -Sigma: 0.011925
1580: [1 2 11 51], [19 93 30 5], RMSE: 0.012552, +Sigma: 0.013179, -Sigma: 0.011925
1600: [1 2 11 51], [18 93 31 5], RMSE: 0.012846, +Sigma: 0.013546, -Sigma: 0.012145
1620: [1 2 11 51], [21 91 32 5], RMSE: 0.012552, +Sigma: 0.013179, -Sigma: 0.011925
1640: [1 2 11 51], [21 96 32 5], RMSE: 0.012552, +Sigma: 0.013179, -Sigma: 0.011925
1660: [1 2 11 51], [20 96 33 5], RMSE: 0.012552, +Sigma: 0.013179, -Sigma: 0.011925
1680: [1 2 11 51], [21 95 34 5], RMSE: 0.012552, +Sigma: 0.013179, -Sigma: 0.011925
1700: [1 2 11], [29 86 59], RMSE: 0.012762, +Sigma: 0.013206, -Sigma: 0.012319
1720: [1 2 11 51], [20 91 32 6], RMSE: 0.011696, +Sigma: 0.012383, -Sigma: 0.011008
1740: [1 2 11 51], [20 96 32 6], RMSE: 0.011696, +Sigma: 0.012383, -Sigma: 0.011008
1760: [1 2 11], [29 90 61], RMSE: 0.012486, +Sigma: 0.012910, -Sigma: 0.012062
1780: [1 2 11], [28 90 62], RMSE: 0.012403, +Sigma: 0.012820, -Sigma: 0.011987
1800: [1 2 11], [29 89 63], RMSE: 0.012187, +Sigma: 0.012597, -Sigma: 0.011777
1820: [1 2 11 51], [19 100 35 6], RMSE: 0.011711, +Sigma: 0.012405, -Sigma: 0.011016
1840: [1 2 11 51], [19 96 32 7], RMSE: 0.010831, +Sigma: 0.011534, -Sigma: 0.010129
1860: [1 2 11 51], [20 95 33 7], RMSE: 0.009913, +Sigma: 0.010258, -Sigma: 0.009569
1880: [1 2 11 51], [19 95 34 7], RMSE: 0.009913, +Sigma: 0.010258, -Sigma: 0.009569
1900: [1 2 11 51], [19 100 34 7], RMSE: 0.009913, +Sigma: 0.010258, -Sigma: 0.009569
1920: [1 2 11 51], [20 99 35 7], RMSE: 0.010829, +Sigma: 0.011538, -Sigma: 0.010121
1940: [1 2 11 51], [21 98 36 7], RMSE: 0.009913, +Sigma: 0.010258, -Sigma: 0.009569
1960: [1 2 11 51], [21 103 36 7], RMSE: 0.009913, +Sigma: 0.010258, -Sigma: 0.009569
1980: [1 2 11 51], [20 103 37 7], RMSE: 0.009913, +Sigma: 0.010258, -Sigma: 0.009569
2000: [1 2 11 51], [20 99 34 8], RMSE: 0.010866, +Sigma: 0.011756, -Sigma: 0.009977
2020: [1 2 11 51], [21 98 35 8], RMSE: 0.010017, +Sigma: 0.010694, -Sigma: 0.009340
2040: [1 2 11 51], [20 98 36 8], RMSE: 0.010866, +Sigma: 0.011756, -Sigma: 0.009977
2060: [1 2 11 51], [22 102 36 8], RMSE: 0.010866, +Sigma: 0.011756, -Sigma: 0.009977
2080: [1 2 11 51], [21 102 37 8], RMSE: 0.009141, +Sigma: 0.009472, -Sigma: 0.008809
2100: [1 2 11 51], [21 107 37 8], RMSE: 0.009141, +Sigma: 0.009472, -Sigma: 0.008809
2120: [1 2 11 51], [22 97 35 9], RMSE: 0.010495, +Sigma: 0.011383, -Sigma: 0.009606
2140: [1 2 11 51], [22 102 35 9], RMSE: 0.010495, +Sigma: 0.011383, -Sigma: 0.009606
2160: [1 2 11 51], [21 102 36 9], RMSE: 0.010495, +Sigma: 0.011383, -Sigma: 0.009606
2180: [1 2 11 51], [22 101 37 9], RMSE: 0.009596, +Sigma: 0.010262, -Sigma: 0.008929
2200: [1 2 11 51], [22 106 37 9], RMSE: 0.009596, +Sigma: 0.010262, -Sigma: 0.008929
2220: [1 2 11 51], [23 105 38 9], RMSE: 0.009622, +Sigma: 0.010296, -Sigma: 0.008949
2240: [1 2 11], [30 94 82], RMSE: 0.010489, +Sigma: 0.010820, -Sigma: 0.010158
2260: [1 2 11 51], [22 101 36 10], RMSE: 0.009700, +Sigma: 0.010559, -Sigma: 0.008841
2280: [1 2 11 51], [23 100 37 10], RMSE: 0.008790, +Sigma: 0.009407, -Sigma: 0.008173
2300: [1 2 11 51], [23 105 37 10], RMSE: 0.008790, +Sigma: 0.009407, -Sigma: 0.008173
2320: [1 2 11 51], [22 105 38 10], RMSE: 0.008790, +Sigma: 0.009407, -Sigma: 0.008173
2340: [1 2 11 51], [23 104 39 10], RMSE: 0.008790, +Sigma: 0.009407, -Sigma: 0.008173
2360: [1 2 11 51], [23 109 39 10], RMSE: 0.008790, +Sigma: 0.009407, -Sigma: 0.008173
2380: [1 2 11 51], [24 108 40 10], RMSE: 0.008790, +Sigma: 0.009407, -Sigma: 0.008173
2400: [1 2 11 51], [24 104 37 11], RMSE: 0.008470, +Sigma: 0.009102, -Sigma: 0.007838
2420: [1 2 11 51], [23 104 38 11], RMSE: 0.007573, +Sigma: 0.007801, -Sigma: 0.007344
2440: [1 2 11 51], [23 109 38 11], RMSE: 0.007573, +Sigma: 0.007801, -Sigma: 0.007344
2460: [1 2 11 51], [24 108 39 11], RMSE: 0.008470, +Sigma: 0.009102, -Sigma: 0.007838
2480: [1 2 11 51], [23 108 40 11], RMSE: 0.008470, +Sigma: 0.009102, -Sigma: 0.007838
2500: [1 2 11 51], [23 104 37 12], RMSE: 0.007394, +Sigma: 0.007670, -Sigma: 0.007118
2520: [1 2 11 51], [24 103 38 12], RMSE: 0.007394, +Sigma: 0.007670, -Sigma: 0.007118
2540: [1 2 11 51], [24 108 38 12], RMSE: 0.007394, +Sigma: 0.007670, -Sigma: 0.007118
2560: [1 2 11 51], [25 107 39 12], RMSE: 0.007394, +Sigma: 0.007670, -Sigma: 0.007118
2580: [1 2 11 51], [24 107 40 12], RMSE: 0.008322, +Sigma: 0.008987, -Sigma: 0.007658
2600: [1 2 11 51], [24 112 40 12], RMSE: 0.008322, +Sigma: 0.008987, -Sigma: 0.007658
2620: [1 2 11 51], [25 111 41 12], RMSE: 0.008322, +Sigma: 0.008987, -Sigma: 0.007658
2640: [1 2 11 51], [25 107 38 13], RMSE: 0.006891, +Sigma: 0.007091, -Sigma: 0.006690
2660: [1 2 11 51], [24 107 39 13], RMSE: 0.006891, +Sigma: 0.007091, -Sigma: 0.006690
2680: [1 2 11 51], [24 112 39 13], RMSE: 0.006891, +Sigma: 0.007091, -Sigma: 0.006690
2700: [1 2 11 51], [25 111 40 13], RMSE: 0.006891, +Sigma: 0.007091, -Sigma: 0.006690
2720: [1 2 11 51], [24 111 41 13], RMSE: 0.007851, +Sigma: 0.008501, -Sigma: 0.007200
2740: [1 2 11 51], [25 110 42 13], RMSE: 0.006891, +Sigma: 0.007091, -Sigma: 0.006690
2760: [1 2 11 51], [24 112 38 14], RMSE: 0.006623, +Sigma: 0.006815, -Sigma: 0.006431
2780: [1 2 11 51], [25 111 39 14], RMSE: 0.006623, +Sigma: 0.006815, -Sigma: 0.006431
2800: [1 2 11 51], [26 110 40 14], RMSE: 0.006623, +Sigma: 0.006815, -Sigma: 0.006431
2820: [1 2 11 51], [26 115 40 14], RMSE: 0.006623, +Sigma: 0.006815, -Sigma: 0.006431
2840: [1 2 11 51], [25 115 41 14], RMSE: 0.006623, +Sigma: 0.006815, -Sigma: 0.006431
2860: [1 2 11 51], [26 114 42 14], RMSE: 0.006623, +Sigma: 0.006815, -Sigma: 0.006431
2880: [1 2 11 51], [25 114 43 14], RMSE: 0.006623, +Sigma: 0.006815, -Sigma: 0.006431
2900: [1 2 11 51], [26 115 39 15], RMSE: 0.006417, +Sigma: 0.006605, -Sigma: 0.006230
2920: [1 2 11 51], [25 115 40 15], RMSE: 0.006417, +Sigma: 0.006605, -Sigma: 0.006230
2940: [1 2 11 51], [26 114 41 15], RMSE: 0.006417, +Sigma: 0.006605, -Sigma: 0.006230
2960: [1 2 11 51], [25 114 42 15], RMSE: 0.006417, +Sigma: 0.006605, -Sigma: 0.006230
2980: [1 2 11 51], [25 119 42 15], RMSE: 0.006417, +Sigma: 0.006605, -Sigma: 0.006230
3000: [1 2 11 51], [26 118 43 15], RMSE: 0.006417, +Sigma: 0.006605, -Sigma: 0.006230
3020: [1 2 11 51], [27 119 39 16], RMSE: 0.006346, +Sigma: 0.006528, -Sigma: 0.006163
3040: [1 2 11 51], [26 119 40 16], RMSE: 0.006346, +Sigma: 0.006528, -Sigma: 0.006163
3060: [1 2 11 51], [27 118 41 16], RMSE: 0.007358, +Sigma: 0.008018, -Sigma: 0.006697
3080: [1 2 11 51], [26 118 42 16], RMSE: 0.006346, +Sigma: 0.006528, -Sigma: 0.006163
3100: [1 2 11 51], [27 117 43 16], RMSE: 0.006346, +Sigma: 0.006528, -Sigma: 0.006163
3120: [1 2 11 51], [26 117 44 16], RMSE: 0.006346, +Sigma: 0.006528, -Sigma: 0.006163
3140: [1 2 11 51], [27 118 40 17], RMSE: 0.006114, +Sigma: 0.006288, -Sigma: 0.005939
3160: [1 2 11 51], [26 118 41 17], RMSE: 0.007110, +Sigma: 0.007759, -Sigma: 0.006461
3180: [1 2 11 51], [26 123 41 17], RMSE: 0.007110, +Sigma: 0.007759, -Sigma: 0.006461
3200: [1 2 11 51], [27 122 42 17], RMSE: 0.006114, +Sigma: 0.006288, -Sigma: 0.005939
3220: [1 2 11 51], [26 122 43 17], RMSE: 0.006114, +Sigma: 0.006288, -Sigma: 0.005939
3240: [1 2 11 51], [27 121 44 17], RMSE: 0.006114, +Sigma: 0.006288, -Sigma: 0.005939
3260: [1 2 11 51], [28 120 45 17], RMSE: 0.007110, +Sigma: 0.007759, -Sigma: 0.006461
3280: [1 2 11 51], [28 125 45 17], RMSE: 0.007110, +Sigma: 0.007759, -Sigma: 0.006461
3300: [1 2 11 51], [28 121 42 18], RMSE: 0.005838, +Sigma: 0.006006, -Sigma: 0.005669
3320: [1 2 11 51], [28 126 42 18], RMSE: 0.005838, +Sigma: 0.006006, -Sigma: 0.005669
3340: [1 2 11 51], [27 126 43 18], RMSE: 0.005838, +Sigma: 0.006006, -Sigma: 0.005669
3360: [1 2 11 51], [28 125 44 18], RMSE: 0.005838, +Sigma: 0.006006, -Sigma: 0.005669
3380: [1 2 11 51], [27 125 45 18], RMSE: 0.005838, +Sigma: 0.006006, -Sigma: 0.005669
3400: [1 2 11 51], [28 124 46 18], RMSE: 0.006861, +Sigma: 0.007519, -Sigma: 0.006204
3420: [1 2 11 51], [27 124 47 18], RMSE: 0.006861, +Sigma: 0.007519, -Sigma: 0.006204
3440: [1 2 11 51], [27 129 47 18], RMSE: 0.006861, +Sigma: 0.007519, -Sigma: 0.006204
3460: [1 2 11 51], [27 125 44 19], RMSE: 0.005669, +Sigma: 0.005830, -Sigma: 0.005508
3480: [1 2 11 51], [27 130 44 19], RMSE: 0.005669, +Sigma: 0.005830, -Sigma: 0.005508
3500: [1 2 11 51], [28 129 45 19], RMSE: 0.005669, +Sigma: 0.005830, -Sigma: 0.005508
3520: [1 2 11 51], [29 128 46 19], RMSE: 0.006714, +Sigma: 0.007377, -Sigma: 0.006051
3540: [1 2 11 51], [28 128 47 19], RMSE: 0.006714, +Sigma: 0.007377, -Sigma: 0.006051
3560: [1 2 11 51], [29 127 48 19], RMSE: 0.005669, +Sigma: 0.005830, -Sigma: 0.005508
3580: [1 2 11 51], [28 127 49 19], RMSE: 0.005669, +Sigma: 0.005830, -Sigma: 0.005508
3600: [1 2 11 51], [29 128 45 20], RMSE: 0.005484, +Sigma: 0.005644, -Sigma: 0.005325
3620: [1 2 11 51], [28 128 46 20], RMSE: 0.006527, +Sigma: 0.007186, -Sigma: 0.005869
3640: [1 2 11 51], [28 133 46 20], RMSE: 0.006527, +Sigma: 0.007186, -Sigma: 0.005869
3660: [1 2 11 51], [29 132 47 20], RMSE: 0.006527, +Sigma: 0.007186, -Sigma: 0.005869
3680: [1 2 11 51], [28 132 48 20], RMSE: 0.005484, +Sigma: 0.005644, -Sigma: 0.005325
3700: [1 2 11 51], [29 131 49 20], RMSE: 0.005484, +Sigma: 0.005644, -Sigma: 0.005325
3720: [1 2 11 51], [28 131 50 20], RMSE: 0.005484, +Sigma: 0.005644, -Sigma: 0.005325
3740: [1 2 11 51], [29 130 51 20], RMSE: 0.005484, +Sigma: 0.005644, -Sigma: 0.005325
3760: [1 2 11 51], [28 132 47 21], RMSE: 0.006436, +Sigma: 0.007087, -Sigma: 0.005784
3780: [1 2 11 51], [29 131 48 21], RMSE: 0.006436, +Sigma: 0.007087, -Sigma: 0.005784
3800: [1 2 11 51], [29 136 48 21], RMSE: 0.006436, +Sigma: 0.007087, -Sigma: 0.005784
3820: [1 2 11 51], [30 135 49 21], RMSE: 0.005396, +Sigma: 0.005548, -Sigma: 0.005245
3840: [1 2 11 51], [29 135 50 21], RMSE: 0.005396, +Sigma: 0.005548, -Sigma: 0.005245
3860: [1 2 11 51], [30 134 51 21], RMSE: 0.005396, +Sigma: 0.005548, -Sigma: 0.005245
3880: [1 2 11 51], [29 134 52 21], RMSE: 0.005396, +Sigma: 0.005548, -Sigma: 0.005245
3900: [1 2 11 51], [30 135 48 22], RMSE: 0.005310, +Sigma: 0.005464, -Sigma: 0.005157
3920: [1 2 11 51], [29 135 49 22], RMSE: 0.005310, +Sigma: 0.005464, -Sigma: 0.005157
3940: [1 2 11 51], [30 134 50 22], RMSE: 0.005310, +Sigma: 0.005464, -Sigma: 0.005157
3960: [1 2 11 51], [29 134 51 22], RMSE: 0.005310, +Sigma: 0.005464, -Sigma: 0.005157
3980: [1 2 11 51], [29 139 51 22], RMSE: 0.005310, +Sigma: 0.005464, -Sigma: 0.005157
4000: [1 2 11 51], [30 138 52 22], RMSE: 0.005310, +Sigma: 0.005464, -Sigma: 0.005157
4020: [1 2 11 51], [30 134 49 23], RMSE: 0.005155, +Sigma: 0.005301, -Sigma: 0.005009
4040: [1 2 11 51], [30 139 49 23], RMSE: 0.005155, +Sigma: 0.005301, -Sigma: 0.005009
4060: [1 2 11 51], [29 139 50 23], RMSE: 0.005155, +Sigma: 0.005301, -Sigma: 0.005009
4080: [1 2 11 51], [30 138 51 23], RMSE: 0.005155, +Sigma: 0.005301, -Sigma: 0.005009
4100: [1 2 11 51], [29 138 52 23], RMSE: 0.005155, +Sigma: 0.005301, -Sigma: 0.005009
4120: [1 2 11 51], [30 137 53 23], RMSE: 0.005155, +Sigma: 0.005301, -Sigma: 0.005009
4140: [1 2 11 51], [31 136 54 23], RMSE: 0.005155, +Sigma: 0.005301, -Sigma: 0.005009
4160: [1 2 11 51], [30 138 50 24], RMSE: 0.005060, +Sigma: 0.005209, -Sigma: 0.004910
4180: [1 2 11 51], [31 137 51 24], RMSE: 0.005060, +Sigma: 0.005209, -Sigma: 0.004910
4200: [1 2 11 51], [30 137 52 24], RMSE: 0.005060, +Sigma: 0.005209, -Sigma: 0.004910
4220: [1 2 11 51], [30 142 52 24], RMSE: 0.005060, +Sigma: 0.005209, -Sigma: 0.004910
4240: [1 2 11 51], [31 141 53 24], RMSE: 0.005060, +Sigma: 0.005209, -Sigma: 0.004910
4260: [1 2 11 51], [30 141 54 24], RMSE: 0.005060, +Sigma: 0.005209, -Sigma: 0.004910
4280: [1 2 11 51], [31 140 55 24], RMSE: 0.005060, +Sigma: 0.005209, -Sigma: 0.004910
4300: [1 2 11 51], [30 142 51 25], RMSE: 0.004843, +Sigma: 0.004986, -Sigma: 0.004700
4320: [1 2 11 51], [31 141 52 25], RMSE: 0.004843, +Sigma: 0.004986, -Sigma: 0.004700
4340: [1 2 11 51], [30 141 53 25], RMSE: 0.004843, +Sigma: 0.004986, -Sigma: 0.004700
4360: [1 2 11 51], [31 140 54 25], RMSE: 0.004843, +Sigma: 0.004986, -Sigma: 0.004700
4380: [1 2 11 51], [30 140 55 25], RMSE: 0.004843, +Sigma: 0.004986, -Sigma: 0.004700
4400: [1 2 11 51], [30 145 55 25], RMSE: 0.004843, +Sigma: 0.004986, -Sigma: 0.004700
4420: [1 2 11 51], [30 141 52 26], RMSE: 0.004747, +Sigma: 0.004887, -Sigma: 0.004607
4440: [1 2 11 51], [31 140 53 26], RMSE: 0.004747, +Sigma: 0.004887, -Sigma: 0.004607
4460: [1 2 11 51], [30 140 54 26], RMSE: 0.004747, +Sigma: 0.004887, -Sigma: 0.004607
4480: [1 2 11 51], [30 145 54 26], RMSE: 0.004747, +Sigma: 0.004887, -Sigma: 0.004607
4500: [1 2 11 51], [31 144 55 26], RMSE: 0.004747, +Sigma: 0.004887, -Sigma: 0.004607
4520: [1 2 11 51], [30 144 56 26], RMSE: 0.004747, +Sigma: 0.004887, -Sigma: 0.004607
4540: [1 2 11 51], [31 143 57 26], RMSE: 0.004747, +Sigma: 0.004887, -Sigma: 0.004607
4560: [1 2 11 51], [32 144 53 27], RMSE: 0.004691, +Sigma: 0.004827, -Sigma: 0.004555
4580: [1 2 11 51], [31 144 54 27], RMSE: 0.004691, +Sigma: 0.004827, -Sigma: 0.004555
4600: [1 2 11 51], [32 143 55 27], RMSE: 0.004691, +Sigma: 0.004827, -Sigma: 0.004555
4620: [1 2 11 51], [31 143 56 27], RMSE: 0.004691, +Sigma: 0.004827, -Sigma: 0.004555
4640: [1 2 11 51], [32 142 57 27], RMSE: 0.004691, +Sigma: 0.004827, -Sigma: 0.004555
4660: [1 2 11 51], [31 144 53 28], RMSE: 0.004595, +Sigma: 0.004732, -Sigma: 0.004459
4680: [1 2 11 51], [32 143 54 28], RMSE: 0.004595, +Sigma: 0.004732, -Sigma: 0.004459
4700: [1 2 11 51], [31 143 55 28], RMSE: 0.004595, +Sigma: 0.004732, -Sigma: 0.004459
4720: [1 2 11 51], [31 148 55 28], RMSE: 0.004595, +Sigma: 0.004732, -Sigma: 0.004459
4740: [1 2 11 51], [32 147 56 28], RMSE: 0.004595, +Sigma: 0.004732, -Sigma: 0.004459
4760: [1 2 11 51], [31 147 57 28], RMSE: 0.004595, +Sigma: 0.004732, -Sigma: 0.004459
4780: [1 2 11 51], [32 146 58 28], RMSE: 0.004595, +Sigma: 0.004732, -Sigma: 0.004459
4800: [1 2 11 51], [31 148 54 29], RMSE: 0.004523, +Sigma: 0.004654, -Sigma: 0.004393
4820: [1 2 11 51], [32 147 55 29], RMSE: 0.004523, +Sigma: 0.004654, -Sigma: 0.004393
4840: [1 2 11 51], [31 147 56 29], RMSE: 0.004523, +Sigma: 0.004654, -Sigma: 0.004393
4860: [1 2 11 51], [32 146 57 29], RMSE: 0.004523, +Sigma: 0.004654, -Sigma: 0.004393
4880: [1 2 11 51], [31 146 58 29], RMSE: 0.004523, +Sigma: 0.004654, -Sigma: 0.004393
4900: [1 2 11 51], [32 145 59 29], RMSE: 0.004523, +Sigma: 0.004654, -Sigma: 0.004393
4920: [1 2 11 51], [31 147 55 30], RMSE: 0.004472, +Sigma: 0.004598, -Sigma: 0.004347
4940: [1 2 11 51], [32 146 56 30], RMSE: 0.004472, +Sigma: 0.004598, -Sigma: 0.004347
4960: [1 2 11 51], [31 146 57 30], RMSE: 0.004472, +Sigma: 0.004598, -Sigma: 0.004347
4980: [1 2 11 51], [32 145 58 30], RMSE: 0.004472, +Sigma: 0.004598, -Sigma: 0.004347
5000: [1 2 11 51], [32 150 58 30], RMSE: 0.004472, +Sigma: 0.004598, -Sigma: 0.004347
5020: [1 2 11 51], [32 146 55 31], RMSE: 0.004421, +Sigma: 0.004543, -Sigma: 0.004298
5040: [1 2 11 51], [31 146 56 31], RMSE: 0.004421, +Sigma: 0.004543, -Sigma: 0.004298
5060: [1 2 11 51], [31 151 56 31], RMSE: 0.004421, +Sigma: 0.004543, -Sigma: 0.004298
5080: [1 2 11 51], [32 150 57 31], RMSE: 0.004421, +Sigma: 0.004543, -Sigma: 0.004298
5100: [1 2 11 51], [33 149 58 31], RMSE: 0.004421, +Sigma: 0.004543, -Sigma: 0.004298
5120: [1 2 11 51], [32 149 59 31], RMSE: 0.004421, +Sigma: 0.004543, -Sigma: 0.004298
5140: [1 2 11 51], [33 148 60 31], RMSE: 0.004421, +Sigma: 0.004543, -Sigma: 0.004298
5160: [1 2 11 51], [32 150 56 32], RMSE: 0.004422, +Sigma: 0.004547, -Sigma: 0.004298
5180: [1 2 11 51], [33 149 57 32], RMSE: 0.004422, +Sigma: 0.004547, -Sigma: 0.004298
5200: [1 2 11 51], [32 149 58 32], RMSE: 0.004422, +Sigma: 0.004547, -Sigma: 0.004298
5220: [1 2 11 51], [33 148 59 32], RMSE: 0.004422, +Sigma: 0.004547, -Sigma: 0.004298
5240: [1 2 11 51], [32 148 60 32], RMSE: 0.004422, +Sigma: 0.004547, -Sigma: 0.004298
5260: [1 2 11 51], [33 149 56 33], RMSE: 0.004332, +Sigma: 0.004453, -Sigma: 0.004211
5280: [1 2 11 51], [32 149 57 33], RMSE: 0.004332, +Sigma: 0.004453, -Sigma: 0.004211
5300: [1 2 11 51], [33 148 58 33], RMSE: 0.004332, +Sigma: 0.004453, -Sigma: 0.004211
5320: [1 2 11 51], [32 148 59 33], RMSE: 0.004332, +Sigma: 0.004453, -Sigma: 0.004211
5340: [1 2 11 51], [32 153 59 33], RMSE: 0.004332, +Sigma: 0.004453, -Sigma: 0.004211
5360: [1 2 11 51], [33 152 60 33], RMSE: 0.004332, +Sigma: 0.004453, -Sigma: 0.004211
5380: [1 2 11 51], [33 148 57 34], RMSE: 0.004268, +Sigma: 0.004388, -Sigma: 0.004148
5400: [1 2 11 51], [33 153 57 34], RMSE: 0.004268, +Sigma: 0.004388, -Sigma: 0.004148
5420: [1 2 11 51], [32 153 58 34], RMSE: 0.004268, +Sigma: 0.004388, -Sigma: 0.004148
5440: [1 2 11 51], [33 152 59 34], RMSE: 0.004268, +Sigma: 0.004388, -Sigma: 0.004148
5460: [1 2 11 51], [32 152 60 34], RMSE: 0.004268, +Sigma: 0.004388, -Sigma: 0.004148
5480: [1 2 11 51], [33 151 61 34], RMSE: 0.004268, +Sigma: 0.004388, -Sigma: 0.004148
5500: [1 2 11 51], [32 153 57 35], RMSE: 0.004211, +Sigma: 0.004330, -Sigma: 0.004092
5520: [1 2 11 51], [33 152 58 35], RMSE: 0.004211, +Sigma: 0.004330, -Sigma: 0.004092
5540: [1 2 11 51], [32 152 59 35], RMSE: 0.004211, +Sigma: 0.004330, -Sigma: 0.004092
5560: [1 2 11 51], [33 151 60 35], RMSE: 0.004211, +Sigma: 0.004330, -Sigma: 0.004092
5580: [1 2 11 51], [32 151 61 35], RMSE: 0.004211, +Sigma: 0.004330, -Sigma: 0.004092
5600: [1 2 11 51], [33 152 57 36], RMSE: 0.004134, +Sigma: 0.004251, -Sigma: 0.004018
5620: [1 2 11 51], [32 152 58 36], RMSE: 0.004134, +Sigma: 0.004251, -Sigma: 0.004018
5640: [1 2 11 51], [33 151 59 36], RMSE: 0.004134, +Sigma: 0.004251, -Sigma: 0.004018
5660: [1 2 11 51], [32 151 60 36], RMSE: 0.004134, +Sigma: 0.004251, -Sigma: 0.004018
5680: [1 2 11 51], [33 150 61 36], RMSE: 0.004134, +Sigma: 0.004251, -Sigma: 0.004018
5700: [1 2 11 51], [33 155 61 36], RMSE: 0.004134, +Sigma: 0.004251, -Sigma: 0.004018
5720: [1 2 11 51], [33 151 58 37], RMSE: 0.004033, +Sigma: 0.004149, -Sigma: 0.003917
5740: [1 2 11 51], [32 151 59 37], RMSE: 0.004033, +Sigma: 0.004149, -Sigma: 0.003917
5760: [1 2 11 51], [32 156 59 37], RMSE: 0.004033, +Sigma: 0.004149, -Sigma: 0.003917
5780: [1 2 11 51], [33 155 60 37], RMSE: 0.004033, +Sigma: 0.004149, -Sigma: 0.003917
5800: [1 2 11 51], [32 155 61 37], RMSE: 0.004033, +Sigma: 0.004149, -Sigma: 0.003917
5820: [1 2 11 51], [32 151 58 38], RMSE: 0.003976, +Sigma: 0.004093, -Sigma: 0.003859
5840: [1 2 11 51], [32 156 58 38], RMSE: 0.003976, +Sigma: 0.004093, -Sigma: 0.003859
5860: [1 2 11 51], [33 155 59 38], RMSE: 0.003976, +Sigma: 0.004093, -Sigma: 0.003859
5880: [1 2 11 51], [34 154 60 38], RMSE: 0.003976, +Sigma: 0.004093, -Sigma: 0.003859
5900: [1 2 11 51], [33 154 61 38], RMSE: 0.003976, +Sigma: 0.004093, -Sigma: 0.003859
5920: [1 2 11 51], [34 153 62 38], RMSE: 0.003976, +Sigma: 0.004093, -Sigma: 0.003859
5940: [1 2 11 51], [33 153 63 38], RMSE: 0.003976, +Sigma: 0.004093, -Sigma: 0.003859
5960: [1 2 11 51], [34 154 59 39], RMSE: 0.003923, +Sigma: 0.004038, -Sigma: 0.003807
5980: [1 2 11 51], [33 154 60 39], RMSE: 0.003923, +Sigma: 0.004038, -Sigma: 0.003807
6000: [1 2 11 51], [34 153 61 39], RMSE: 0.003923, +Sigma: 0.004038, -Sigma: 0.003807
6020: [1 2 11 51], [33 153 62 39], RMSE: 0.003923, +Sigma: 0.004038, -Sigma: 0.003807
6040: [1 2 11 51], [33 158 62 39], RMSE: 0.003923, +Sigma: 0.004038, -Sigma: 0.003807
6060: [1 2 11 51], [33 154 59 40], RMSE: 0.003826, +Sigma: 0.003937, -Sigma: 0.003715
6080: [1 2 11 51], [34 153 60 40], RMSE: 0.003826, +Sigma: 0.003937, -Sigma: 0.003715
6100: [1 2 11 51], [33 153 61 40], RMSE: 0.003826, +Sigma: 0.003937, -Sigma: 0.003715
6120: [1 2 11 51], [33 158 61 40], RMSE: 0.003826, +Sigma: 0.003937, -Sigma: 0.003715
6140: [1 2 11 51], [34 157 62 40], RMSE: 0.003826, +Sigma: 0.003937, -Sigma: 0.003715
6160: [1 2 11 51], [34 153 59 41], RMSE: 0.003808, +Sigma: 0.003918, -Sigma: 0.003697
6180: [1 2 11 51], [33 153 60 41], RMSE: 0.003808, +Sigma: 0.003918, -Sigma: 0.003697
6200: [1 2 11 51], [33 158 60 41], RMSE: 0.003808, +Sigma: 0.003918, -Sigma: 0.003697
6220: [1 2 11 51], [34 157 61 41], RMSE: 0.003808, +Sigma: 0.003918, -Sigma: 0.003697
6240: [1 2 11 51], [33 157 62 41], RMSE: 0.003808, +Sigma: 0.003918, -Sigma: 0.003697
6260: [1 2 11 51], [34 156 63 41], RMSE: 0.003808, +Sigma: 0.003918, -Sigma: 0.003697
6280: [1 2 11 51], [33 156 64 41], RMSE: 0.003808, +Sigma: 0.003918, -Sigma: 0.003697
6300: [1 2 11 51], [34 157 60 42], RMSE: 0.003770, +Sigma: 0.003880, -Sigma: 0.003660
6320: [1 2 11 51], [33 157 61 42], RMSE: 0.003770, +Sigma: 0.003880, -Sigma: 0.003660
6340: [1 2 11 51], [34 156 62 42], RMSE: 0.003770, +Sigma: 0.003880, -Sigma: 0.003660
6360: [1 2 11 51], [33 156 63 42], RMSE: 0.003770, +Sigma: 0.003880, -Sigma: 0.003660
6380: [1 2 11 51], [34 155 64 42], RMSE: 0.003770, +Sigma: 0.003880, -Sigma: 0.003660
6400: [1 2 11 51], [33 157 60 43], RMSE: 0.003716, +Sigma: 0.003823, -Sigma: 0.003609
6420: [1 2 11 51], [34 156 61 43], RMSE: 0.003716, +Sigma: 0.003823, -Sigma: 0.003609
6440: [1 2 11 51], [33 156 62 43], RMSE: 0.003716, +Sigma: 0.003823, -Sigma: 0.003609
6460: [1 2 11 51], [34 155 63 43], RMSE: 0.003716, +Sigma: 0.003823, -Sigma: 0.003609
6480: [1 2 11 51], [33 155 64 43], RMSE: 0.003716, +Sigma: 0.003823, -Sigma: 0.003609
6500: [1 2 11 51], [34 156 60 44], RMSE: 0.003681, +Sigma: 0.003786, -Sigma: 0.003576
6520: [1 2 11 51], [33 156 61 44], RMSE: 0.003681, +Sigma: 0.003786, -Sigma: 0.003576
6540: [1 2 11 51], [34 155 62 44], RMSE: 0.003681, +Sigma: 0.003786, -Sigma: 0.003576
6560: [1 2 11 51], [33 155 63 44], RMSE: 0.003681, +Sigma: 0.003786, -Sigma: 0.003576
6580: [1 2 11 51], [33 160 63 44], RMSE: 0.003681, +Sigma: 0.003786, -Sigma: 0.003576
6600: [1 2 11 51], [33 156 60 45], RMSE: 0.003603, +Sigma: 0.003708, -Sigma: 0.003498
6620: [1 2 11 51], [33 161 60 45], RMSE: 0.003603, +Sigma: 0.003708, -Sigma: 0.003498
6640: [1 2 11 51], [34 160 61 45], RMSE: 0.003603, +Sigma: 0.003708, -Sigma: 0.003498
6660: [1 2 11 51], [33 160 62 45], RMSE: 0.003603, +Sigma: 0.003708, -Sigma: 0.003498
6680: [1 2 11 51], [34 159 63 45], RMSE: 0.003603, +Sigma: 0.003708, -Sigma: 0.003498
6700: [1 2 11 51], [33 159 64 45], RMSE: 0.003603, +Sigma: 0.003708, -Sigma: 0.003498
6720: [1 2 11 51], [34 158 65 45], RMSE: 0.003603, +Sigma: 0.003708, -Sigma: 0.003498
6740: [1 2 11 51], [33 160 61 46], RMSE: 0.003536, +Sigma: 0.003640, -Sigma: 0.003432
6760: [1 2 11 51], [34 159 62 46], RMSE: 0.003536, +Sigma: 0.003640, -Sigma: 0.003432
6780: [1 2 11 51], [33 159 63 46], RMSE: 0.003536, +Sigma: 0.003640, -Sigma: 0.003432
6800: [1 2 11 51], [34 158 64 46], RMSE: 0.003536, +Sigma: 0.003640, -Sigma: 0.003432
6820: [1 2 11 51], [33 158 65 46], RMSE: 0.003536, +Sigma: 0.003640, -Sigma: 0.003432
6840: [1 2 11 51], [34 159 61 47], RMSE: 0.003493, +Sigma: 0.003595, -Sigma: 0.003391
6860: [1 2 11 51], [33 159 62 47], RMSE: 0.003493, +Sigma: 0.003595, -Sigma: 0.003391
6880: [1 2 11 51], [34 158 63 47], RMSE: 0.003493, +Sigma: 0.003595, -Sigma: 0.003391
6900: [1 2 11 51], [33 158 64 47], RMSE: 0.003493, +Sigma: 0.003595, -Sigma: 0.003391
6920: [1 2 11 51], [34 157 65 47], RMSE: 0.003493, +Sigma: 0.003595, -Sigma: 0.003391
6940: [1 2 11 51], [35 158 61 48], RMSE: 0.003434, +Sigma: 0.003536, -Sigma: 0.003332
6960: [1 2 11 51], [34 158 62 48], RMSE: 0.003434, +Sigma: 0.003536, -Sigma: 0.003332
6980: [1 2 11 51], [35 157 63 48], RMSE: 0.003434, +Sigma: 0.003536, -Sigma: 0.003332
7000: [1 2 11 51], [34 157 64 48], RMSE: 0.003434, +Sigma: 0.003536, -Sigma: 0.003332
7020: [1 2 11 51], [34 162 64 48], RMSE: 0.003434, +Sigma: 0.003536, -Sigma: 0.003332
7040: [1 2 11 51], [35 161 65 48], RMSE: 0.003434, +Sigma: 0.003536, -Sigma: 0.003332
7060: [1 2 11 51], [34 161 66 48], RMSE: 0.003434, +Sigma: 0.003536, -Sigma: 0.003332
7080: [1 2 11 51], [35 162 62 49], RMSE: 0.003397, +Sigma: 0.003498, -Sigma: 0.003295
7100: [1 2 11 51], [34 162 63 49], RMSE: 0.003397, +Sigma: 0.003498, -Sigma: 0.003295
7120: [1 2 11 51], [35 161 64 49], RMSE: 0.003397, +Sigma: 0.003498, -Sigma: 0.003295
7140: [1 2 11 51], [34 161 65 49], RMSE: 0.003397, +Sigma: 0.003498, -Sigma: 0.003295
7160: [1 2 11 51], [35 160 66 49], RMSE: 0.003397, +Sigma: 0.003498, -Sigma: 0.003295
7180: [1 2 11 51], [34 162 62 50], RMSE: 0.003367, +Sigma: 0.003467, -Sigma: 0.003267
7200: [1 2 11 51], [35 161 63 50], RMSE: 0.003367, +Sigma: 0.003467, -Sigma: 0.003267
7220: [1 2 11 51], [34 161 64 50], RMSE: 0.003367, +Sigma: 0.003467, -Sigma: 0.003267
7240: [1 2 11 51], [35 160 65 50], RMSE: 0.003367, +Sigma: 0.003467, -Sigma: 0.003267
7260: [1 2 11 51], [34 160 66 50], RMSE: 0.003367, +Sigma: 0.003467, -Sigma: 0.003267
7280: [1 2 11 51], [35 161 62 51], RMSE: 0.003343, +Sigma: 0.003442, -Sigma: 0.003244
7300: [1 2 11 51], [34 161 63 51], RMSE: 0.003343, +Sigma: 0.003442, -Sigma: 0.003244
7320: [1 2 11 51], [35 160 64 51], RMSE: 0.003343, +Sigma: 0.003442, -Sigma: 0.003244
7340: [1 2 11 51], [34 160 65 51], RMSE: 0.003343, +Sigma: 0.003442, -Sigma: 0.003244
7360: [1 2 11 51], [35 159 66 51], RMSE: 0.003343, +Sigma: 0.003442, -Sigma: 0.003244
7380: [1 2 11 51], [34 161 62 52], RMSE: 0.003339, +Sigma: 0.003436, -Sigma: 0.003243
7400: [1 2 11 51], [35 160 63 52], RMSE: 0.003339, +Sigma: 0.003436, -Sigma: 0.003243
7420: [1 2 11 51], [34 160 64 52], RMSE: 0.003339, +Sigma: 0.003436, -Sigma: 0.003243
7440: [1 2 11 51], [35 159 65 52], RMSE: 0.003339, +Sigma: 0.003436, -Sigma: 0.003243
7460: [1 2 11 51], [34 159 66 52], RMSE: 0.003339, +Sigma: 0.003436, -Sigma: 0.003243
7480: [1 2 11 51], [34 164 66 52], RMSE: 0.003339, +Sigma: 0.003436, -Sigma: 0.003243
7500: [1 2 11 51], [34 160 63 53], RMSE: 0.003328, +Sigma: 0.003426, -Sigma: 0.003230
7520: [1 2 11 51], [34 165 63 53], RMSE: 0.003328, +Sigma: 0.003426, -Sigma: 0.003230
7540: [1 2 11 51], [35 164 64 53], RMSE: 0.003328, +Sigma: 0.003426, -Sigma: 0.003230
7560: [1 2 11 51], [34 164 65 53], RMSE: 0.003328, +Sigma: 0.003426, -Sigma: 0.003230
7580: [1 2 11 51], [35 163 66 53], RMSE: 0.003328, +Sigma: 0.003426, -Sigma: 0.003230
7600: [1 2 11 51], [34 163 67 53], RMSE: 0.003328, +Sigma: 0.003426, -Sigma: 0.003230
7620: [1 2 11 51], [35 164 63 54], RMSE: 0.003298, +Sigma: 0.003393, -Sigma: 0.003204
7640: [1 2 11 51], [34 164 64 54], RMSE: 0.003298, +Sigma: 0.003393, -Sigma: 0.003204
7660: [1 2 11 51], [35 163 65 54], RMSE: 0.003298, +Sigma: 0.003393, -Sigma: 0.003204
7680: [1 2 11 51], [34 163 66 54], RMSE: 0.003298, +Sigma: 0.003393, -Sigma: 0.003204
7700: [1 2 11 51], [35 162 67 54], RMSE: 0.003298, +Sigma: 0.003393, -Sigma: 0.003204
7720: [1 2 11 51], [34 164 63 55], RMSE: 0.003259, +Sigma: 0.003353, -Sigma: 0.003165
7740: [1 2 11 51], [35 163 64 55], RMSE: 0.003259, +Sigma: 0.003353, -Sigma: 0.003165
7760: [1 2 11 51], [34 163 65 55], RMSE: 0.003259, +Sigma: 0.003353, -Sigma: 0.003165
7780: [1 2 11 51], [35 162 66 55], RMSE: 0.003259, +Sigma: 0.003353, -Sigma: 0.003165
7800: [1 2 11 51], [34 162 67 55], RMSE: 0.003259, +Sigma: 0.003353, -Sigma: 0.003165
7820: [1 2 11 51], [35 163 63 56], RMSE: 0.003267, +Sigma: 0.003362, -Sigma: 0.003173
7840: [1 2 11 51], [34 163 64 56], RMSE: 0.003267, +Sigma: 0.003362, -Sigma: 0.003173
7860: [1 2 11 51], [35 162 65 56], RMSE: 0.003267, +Sigma: 0.003362, -Sigma: 0.003173
7880: [1 2 11 51], [34 162 66 56], RMSE: 0.003267, +Sigma: 0.003362, -Sigma: 0.003173
7900: [1 2 11 51], [35 161 67 56], RMSE: 0.003267, +Sigma: 0.003362, -Sigma: 0.003173
7920: [1 2 11 51], [34 163 63 57], RMSE: 0.003217, +Sigma: 0.003311, -Sigma: 0.003124
7940: [1 2 11 51], [35 162 64 57], RMSE: 0.003217, +Sigma: 0.003311, -Sigma: 0.003124
7960: [1 2 11 51], [34 162 65 57], RMSE: 0.003217, +Sigma: 0.003311, -Sigma: 0.003124
7980: [1 2 11 51], [35 161 66 57], RMSE: 0.003217, +Sigma: 0.003311, -Sigma: 0.003124
8000: [1 2 11 51], [34 161 67 57], RMSE: 0.003217, +Sigma: 0.003311, -Sigma: 0.003124
8020: [1 2 11 51], [34 166 67 57], RMSE: 0.003217, +Sigma: 0.003311, -Sigma: 0.003124
8040: [1 2 11 51], [34 162 64 58], RMSE: 0.003182, +Sigma: 0.003272, -Sigma: 0.003092
8060: [1 2 11 51], [34 167 64 58], RMSE: 0.003182, +Sigma: 0.003272, -Sigma: 0.003092
8080: [1 2 11 51], [35 166 65 58], RMSE: 0.003182, +Sigma: 0.003272, -Sigma: 0.003092
8100: [1 2 11 51], [34 166 66 58], RMSE: 0.003182, +Sigma: 0.003272, -Sigma: 0.003092
8120: [1 2 11 51], [35 165 67 58], RMSE: 0.003182, +Sigma: 0.003272, -Sigma: 0.003092
8140: [1 2 11 51], [34 165 68 58], RMSE: 0.003182, +Sigma: 0.003272, -Sigma: 0.003092
8160: [1 2 11 51], [35 166 64 59], RMSE: 0.003188, +Sigma: 0.003279, -Sigma: 0.003097
8180: [1 2 11 51], [34 166 65 59], RMSE: 0.003188, +Sigma: 0.003279, -Sigma: 0.003097
8200: [1 2 11 51], [35 165 66 59], RMSE: 0.003188, +Sigma: 0.003279, -Sigma: 0.003097
8220: [1 2 11 51], [34 165 67 59], RMSE: 0.003188, +Sigma: 0.003279, -Sigma: 0.003097
8240: [1 2 11 51], [35 164 68 59], RMSE: 0.003188, +Sigma: 0.003279, -Sigma: 0.003097
8260: [1 2 11 51], [36 165 64 60], RMSE: 0.003155, +Sigma: 0.003245, -Sigma: 0.003066
8280: [1 2 11 51], [35 165 65 60], RMSE: 0.003155, +Sigma: 0.003245, -Sigma: 0.003066
8300: [1 2 11 51], [36 164 66 60], RMSE: 0.003155, +Sigma: 0.003245, -Sigma: 0.003066
8320: [1 2 11 51], [35 164 67 60], RMSE: 0.003155, +Sigma: 0.003245, -Sigma: 0.003066
8340: [1 2 11 51], [36 163 68 60], RMSE: 0.003155, +Sigma: 0.003245, -Sigma: 0.003066
8360: [1 2 11 51], [35 165 64 61], RMSE: 0.003151, +Sigma: 0.003239, -Sigma: 0.003063
8380: [1 2 11 51], [36 164 65 61], RMSE: 0.003151, +Sigma: 0.003239, -Sigma: 0.003063
8400: [1 2 11 51], [35 164 66 61], RMSE: 0.003151, +Sigma: 0.003239, -Sigma: 0.003063
8420: [1 2 11 51], [36 163 67 61], RMSE: 0.003151, +Sigma: 0.003239, -Sigma: 0.003063
8440: [1 2 11 51], [35 163 68 61], RMSE: 0.003151, +Sigma: 0.003239, -Sigma: 0.003063
8460: [1 2 11 51], [36 164 64 62], RMSE: 0.003154, +Sigma: 0.003243, -Sigma: 0.003066
8480: [1 2 11 51], [35 164 65 62], RMSE: 0.003154, +Sigma: 0.003243, -Sigma: 0.003066
8500: [1 2 11 51], [36 163 66 62], RMSE: 0.003154, +Sigma: 0.003243, -Sigma: 0.003066
8520: [1 2 11 51], [35 163 67 62], RMSE: 0.003154, +Sigma: 0.003243, -Sigma: 0.003066
8540: [1 2 11 51], [35 168 67 62], RMSE: 0.003154, +Sigma: 0.003243, -Sigma: 0.003066
8560: [1 2 11 51], [36 167 68 62], RMSE: 0.003154, +Sigma: 0.003243, -Sigma: 0.003066
8580: [1 2 11 51], [36 163 65 63], RMSE: 0.003124, +Sigma: 0.003211, -Sigma: 0.003038
8600: [1 2 11 51], [35 163 66 63], RMSE: 0.003124, +Sigma: 0.003211, -Sigma: 0.003038
8620: [1 2 11 51], [35 168 66 63], RMSE: 0.003124, +Sigma: 0.003211, -Sigma: 0.003038
8640: [1 2 11 51], [36 167 67 63], RMSE: 0.003124, +Sigma: 0.003211, -Sigma: 0.003038
8660: [1 2 11 51], [35 167 68 63], RMSE: 0.003124, +Sigma: 0.003211, -Sigma: 0.003038
8680: [1 2 11 51], [36 166 69 63], RMSE: 0.003124, +Sigma: 0.003211, -Sigma: 0.003038
8700: [1 2 11 51], [35 168 65 64], RMSE: 0.003111, +Sigma: 0.003197, -Sigma: 0.003024
8720: [1 2 11 51], [36 167 66 64], RMSE: 0.003111, +Sigma: 0.003197, -Sigma: 0.003024
8740: [1 2 11 51], [35 167 67 64], RMSE: 0.003111, +Sigma: 0.003197, -Sigma: 0.003024
8760: [1 2 11 51], [36 166 68 64], RMSE: 0.003111, +Sigma: 0.003197, -Sigma: 0.003024
8780: [1 2 11 51], [35 166 69 64], RMSE: 0.003111, +Sigma: 0.003197, -Sigma: 0.003024
8800: [1 2 11 51], [36 167 65 65], RMSE: 0.003117, +Sigma: 0.003205, -Sigma: 0.003029
8820: [1 2 11 51], [35 167 66 65], RMSE: 0.003117, +Sigma: 0.003205, -Sigma: 0.003029
8840: [1 2 11 51], [36 166 67 65], RMSE: 0.003117, +Sigma: 0.003205, -Sigma: 0.003029
8860: [1 2 11 51], [35 166 68 65], RMSE: 0.003117, +Sigma: 0.003205, -Sigma: 0.003029
8880: [1 2 11 51], [36 165 69 65], RMSE: 0.003117, +Sigma: 0.003205, -Sigma: 0.003029
8900: [1 2 11 51], [35 167 65 66], RMSE: 0.003109, +Sigma: 0.003195, -Sigma: 0.003023
8920: [1 2 11 51], [36 166 66 66], RMSE: 0.003109, +Sigma: 0.003195, -Sigma: 0.003023
8940: [1 2 11 51], [35 166 67 66], RMSE: 0.003109, +Sigma: 0.003195, -Sigma: 0.003023
8960: [1 2 11 51], [36 165 68 66], RMSE: 0.003109, +Sigma: 0.003195, -Sigma: 0.003023
8980: [1 2 11 51], [35 165 69 66], RMSE: 0.003109, +Sigma: 0.003195, -Sigma: 0.003023
9000: [1 2 11 51], [36 166 65 67], RMSE: 0.003093, +Sigma: 0.003179, -Sigma: 0.003008
9020: [1 2 11 51], [35 166 66 67], RMSE: 0.003093, +Sigma: 0.003179, -Sigma: 0.003008
9040: [1 2 11 51], [36 165 67 67], RMSE: 0.003093, +Sigma: 0.003179, -Sigma: 0.003008
9060: [1 2 11 51], [35 165 68 67], RMSE: 0.003093, +Sigma: 0.003179, -Sigma: 0.003008
9080: [1 2 11 51], [35 170 68 67], RMSE: 0.003093, +Sigma: 0.003179, -Sigma: 0.003008
9100: [1 2 11 51], [36 169 69 67], RMSE: 0.003093, +Sigma: 0.003179, -Sigma: 0.003008
9120: [1 2 11 51], [36 165 66 68], RMSE: 0.003061, +Sigma: 0.003146, -Sigma: 0.002977
9140: [1 2 11 51], [35 165 67 68], RMSE: 0.003061, +Sigma: 0.003146, -Sigma: 0.002977
9160: [1 2 11 51], [35 170 67 68], RMSE: 0.003061, +Sigma: 0.003146, -Sigma: 0.002977
9180: [1 2 11 51], [36 169 68 68], RMSE: 0.003061, +Sigma: 0.003146, -Sigma: 0.002977
9200: [1 2 11 51], [35 169 69 68], RMSE: 0.003061, +Sigma: 0.003146, -Sigma: 0.002977
9220: [1 2 11 51], [35 165 66 69], RMSE: 0.003028, +Sigma: 0.003112, -Sigma: 0.002943
9240: [1 2 11 51], [35 170 66 69], RMSE: 0.003028, +Sigma: 0.003112, -Sigma: 0.002943
9260: [1 2 11 51], [36 169 67 69], RMSE: 0.003028, +Sigma: 0.003112, -Sigma: 0.002943
9280: [1 2 11 51], [35 169 68 69], RMSE: 0.003028, +Sigma: 0.003112, -Sigma: 0.002943
9300: [1 2 11 51], [36 168 69 69], RMSE: 0.003028, +Sigma: 0.003112, -Sigma: 0.002943
9320: [1 2 11 51], [35 168 70 69], RMSE: 0.003028, +Sigma: 0.003112, -Sigma: 0.002943
9340: [1 2 11 51], [36 169 66 70], RMSE: 0.003009, +Sigma: 0.003094, -Sigma: 0.002924
9360: [1 2 11 51], [35 169 67 70], RMSE: 0.003009, +Sigma: 0.003094, -Sigma: 0.002924
9380: [1 2 11 51], [36 168 68 70], RMSE: 0.003009, +Sigma: 0.003094, -Sigma: 0.002924
9400: [1 2 11 51], [35 168 69 70], RMSE: 0.003009, +Sigma: 0.003094, -Sigma: 0.002924
9420: [1 2 11 51], [36 167 70 70], RMSE: 0.003009, +Sigma: 0.003094, -Sigma: 0.002924
9440: [1 2 11 51], [35 169 66 71], RMSE: 0.002985, +Sigma: 0.003071, -Sigma: 0.002899
9460: [1 2 11 51], [36 168 67 71], RMSE: 0.002985, +Sigma: 0.003071, -Sigma: 0.002899
9480: [1 2 11 51], [35 168 68 71], RMSE: 0.002985, +Sigma: 0.003071, -Sigma: 0.002899
9500: [1 2 11 51], [36 167 69 71], RMSE: 0.002985, +Sigma: 0.003071, -Sigma: 0.002899
9520: [1 2 11 51], [35 167 70 71], RMSE: 0.002985, +Sigma: 0.003071, -Sigma: 0.002899
9540: [1 2 11 51], [36 168 66 72], RMSE: 0.002972, +Sigma: 0.003057, -Sigma: 0.002887
9560: [1 2 11 51], [35 168 67 72], RMSE: 0.002972, +Sigma: 0.003057, -Sigma: 0.002887
9580: [1 2 11 51], [36 167 68 72], RMSE: 0.002972, +Sigma: 0.003057, -Sigma: 0.002887
9600: [1 2 11 51], [35 167 69 72], RMSE: 0.002972, +Sigma: 0.003057, -Sigma: 0.002887
9620: [1 2 11 51], [35 172 69 72], RMSE: 0.002972, +Sigma: 0.003057, -Sigma: 0.002887
9640: [1 2 11 51], [35 168 66 73], RMSE: 0.002944, +Sigma: 0.003030, -Sigma: 0.002859
9660: [1 2 11 51], [36 167 67 73], RMSE: 0.002944, +Sigma: 0.003030, -Sigma: 0.002859
9680: [1 2 11 51], [35 167 68 73], RMSE: 0.002944, +Sigma: 0.003030, -Sigma: 0.002859
9700: [1 2 11 51], [35 172 68 73], RMSE: 0.002944, +Sigma: 0.003030, -Sigma: 0.002859
9720: [1 2 11 51], [36 171 69 73], RMSE: 0.002944, +Sigma: 0.003030, -Sigma: 0.002859
9740: [1 2 11 51], [35 171 70 73], RMSE: 0.002944, +Sigma: 0.003030, -Sigma: 0.002859
9760: [1 2 11 51], [35 167 67 74], RMSE: 0.002907, +Sigma: 0.002993, -Sigma: 0.002822
9780: [1 2 11 51], [35 172 67 74], RMSE: 0.002907, +Sigma: 0.002993, -Sigma: 0.002822
9800: [1 2 11 51], [36 171 68 74], RMSE: 0.002907, +Sigma: 0.002993, -Sigma: 0.002822
9820: [1 2 11 51], [35 171 69 74], RMSE: 0.002907, +Sigma: 0.002993, -Sigma: 0.002822
9840: [1 2 11 51], [36 170 70 74], RMSE: 0.002907, +Sigma: 0.002993, -Sigma: 0.002822
9860: [1 2 11 51], [35 170 71 74], RMSE: 0.002907, +Sigma: 0.002993, -Sigma: 0.002822
9880: [1 2 11 51], [36 171 67 75], RMSE: 0.002871, +Sigma: 0.002954, -Sigma: 0.002787
9900: [1 2 11 51], [35 171 68 75], RMSE: 0.002871, +Sigma: 0.002954, -Sigma: 0.002787
9920: [1 2 11 51], [36 170 69 75], RMSE: 0.002871, +Sigma: 0.002954, -Sigma: 0.002787
9940: [1 2 11 51], [35 170 70 75], RMSE: 0.002871, +Sigma: 0.002954, -Sigma: 0.002787
9960: [1 2 11 51], [36 169 71 75], RMSE: 0.002871, +Sigma: 0.002954, -Sigma: 0.002787
9980: [1 2 11 51], [37 170 67 76], RMSE: 0.002813, +Sigma: 0.002895, -Sigma: 0.002730
10000: [1 2 11 51], [36 170 68 76], RMSE: 0.002813, +Sigma: 0.002895, -Sigma: 0.002730
