10000: [1 2 11 51], [36 170 68 76], RMSE: 0.002813, +Sigma: 0.002895, -Sigma: 0.002730
11000: [1 2 11 51], [36 174 71 85], RMSE: 0.002630, +Sigma: 0.002709, -Sigma: 0.002552
12000: [1 2 11 51], [37 174 70 95], RMSE: 0.002506, +Sigma: 0.002582, -Sigma: 0.002430
13000: [1 2 11 51], [37 178 73 104], RMSE: 0.002379, +Sigma: 0.002449, -Sigma: 0.002309
14000: [1 2 11 51], [38 178 72 114], RMSE: 0.002246, +Sigma: 0.002315, -Sigma: 0.002177
15000: [1 2 11 51], [38 182 75 123], RMSE: 0.002159, +Sigma: 0.002225, -Sigma: 0.002093
16000: [1 2 11 51], [39 182 74 133], RMSE: 0.002052, +Sigma: 0.002114, -Sigma: 0.001991
17000: [1 2 11 51], [38 181 78 142], RMSE: 0.001988, +Sigma: 0.002049, -Sigma: 0.001926
18000: [1 2 11 51], [38 187 76 152], RMSE: 0.001917, +Sigma: 0.001973, -Sigma: 0.001861
19000: [1 2 11 51], [39 187 75 162], RMSE: 0.001831, +Sigma: 0.001884, -Sigma: 0.001777
20000: [1 2 11 51], [40 185 79 171], RMSE: 0.001766, +Sigma: 0.001817, -Sigma: 0.001715
21000: [1 2 11 51], [39 186 78 181], RMSE: 0.001741, +Sigma: 0.001793, -Sigma: 0.001689
22000: [1 2 11 51], [40 186 77 191], RMSE: 0.001690, +Sigma: 0.001741, -Sigma: 0.001639
23000: [1 2 11 51], [40 190 80 200], RMSE: 0.001641, +Sigma: 0.001692, -Sigma: 0.001591
24000: [1 2 11 51], [39 191 79 210], RMSE: 0.001616, +Sigma: 0.001666, -Sigma: 0.001566
25000: [1 2 11 51], [40 189 83 219], RMSE: 0.001609, +Sigma: 0.001659, -Sigma: 0.001560
26000: [1 2 11 51], [40 195 81 229], RMSE: 0.001564, +Sigma: 0.001613, -Sigma: 0.001515
27000: [1 2 11 51], [41 195 80 239], RMSE: 0.001521, +Sigma: 0.001570, -Sigma: 0.001472
28000: [1 2 11 51], [40 194 84 248], RMSE: 0.001517, +Sigma: 0.001566, -Sigma: 0.001468
29000: [1 2 11 51], [41 194 83 258], RMSE: 0.001492, +Sigma: 0.001539, -Sigma: 0.001444
30000: [1 2 11 51], [40 195 82 268], RMSE: 0.001466, +Sigma: 0.001513, -Sigma: 0.001419
